# Om0 = 0.3111 H0 = 67.66 sigma8 = 0.8102
1.000000000000000021e-03 3.697635340433124838e+03
1.023340212191642265e-03 3.778532317406763013e+03
1.047225189888434339e-03 3.861097639010985404e+03
1.071667648032863370e-03 3.945359405691583561e+03
1.096680598336868600e-03 4.031345936817182974e+03
1.122277356208508086e-03 4.119085761845258276e+03
1.148471547840288843e-03 4.208607610976572687e+03
1.175277117462945149e-03 4.299940405285617999e+03
1.202708334768511989e-03 4.393113246275695019e+03
1.230779802506665709e-03 4.488155155563229528e+03
1.259506464258357532e-03 4.585094432069274262e+03
1.288903612390892867e-03 4.683959239091138443e+03
1.318986896198670470e-03 4.784777755748794334e+03
1.349772330233941706e-03 4.887578158016392990e+03
1.381276302832009544e-03 4.992388598979283415e+03
1.413515584835395777e-03 5.099237188304387928e+03
1.446507338521647217e-03 5.208151970912693287e+03
1.480269126739508631e-03 5.319160904708173803e+03
1.514818922258345671e-03 5.432291481703505269e+03
1.550175117335770431e-03 5.547569879358048638e+03
1.586356533508589657e-03 5.665021755875226518e+03
1.623382431612278073e-03 5.784672431016071641e+03
1.661272522034292843e-03 5.906546852697680151e+03
1.700046975206717876e-03 6.030669562572328687e+03
1.739726432343800767e-03 6.157064660585560887e+03
1.780332016430113701e-03 6.285755768513451585e+03
1.821885343465166982e-03 6.416765992128488506e+03
1.864408533970487091e-03 6.550117406035916247e+03
1.907924224765265072e-03 6.685830004823415948e+03
1.952455581016861001e-03 6.823922715032656924e+03
1.998026308572550726e-03 6.964413597241627031e+03
2.044660666579117651e-03 7.107319795534655896e+03
2.092383480396976716e-03 7.252657485888678821e+03
2.141220154815729349e-03 7.400441823502582338e+03
2.191196687578149654e-03 7.550686889098034044e+03
2.242339683219844726e-03 7.703405633477268566e+03
2.294676367231936100e-03 7.858609224447039196e+03
2.348234600554276272e-03 8.016305837053985670e+03
2.403042894406969259e-03 8.176501860531012426e+03
2.459130425468043953e-03 8.339202109644684242e+03
2.516527051405391402e-03 8.504409757432014885e+03
2.575263326771201188e-03 8.672126267198467758e+03
2.635370519267393134e-03 8.842351323854114526e+03
2.696880626390692377e-03 9.015082764671094992e+03
2.759826392466180160e-03 9.190316508181529571e+03
2.824241326078435858e-03 9.368045776123328324e+03
2.890159717909508534e-03 9.548259780722866708e+03
2.957616658993253780e-03 9.730945090626953970e+03
3.026648059395692196e-03 9.916085842894866801e+03
3.097290667331409689e-03 1.010366366488302083e+04
3.169582088726115212e-03 1.029365759641083605e+04
3.243560807235811114e-03 1.048604401236173180e+04
3.319266204733189573e-03 1.068079654588079029e+04
3.396738582272209456e-03 1.087788601002391806e+04
3.476019181541977528e-03 1.107727949545214324e+04
3.557150206821385781e-03 1.127893898109911061e+04
3.640174847446141400e-03 1.148282287179345076e+04
3.725137300800209286e-03 1.168888621997980954e+04
3.812082795843888244e-03 1.189708065024955431e+04
3.901057617190993500e-03 1.210735428608262191e+04
3.992109129748053209e-03 1.231965167904686132e+04
4.085285803928561006e-03 1.253391374070881102e+04
4.180637241455757366e-03 1.275007767347281333e+04
4.278214201767617172e-03 1.296807585852186821e+04
4.378068629038166758e-03 1.318783429031923151e+04
4.480253679829489591e-03 1.340927448447045936e+04
4.584823751389095932e-03 1.363231375761605341e+04
4.691834510607798860e-03 1.385686517701931371e+04
4.801342923653455046e-03 1.408283751533351824e+04
4.913407286296361462e-03 1.431013521088050948e+04
5.028087254942479982e-03 1.453865833377459967e+04
5.145443878390924645e-03 1.476830254994046845e+04
5.265539630332755246e-03 1.499895747464459419e+04
5.388438442608223244e-03 1.523050456338591357e+04
5.514205739240302107e-03 1.546282002262501010e+04
5.642908471262542310e-03 1.569577526567740097e+04
5.774615152359820376e-03 1.592923691956581933e+04
5.909395895340971080e-03 1.616306684108951777e+04
6.047322449462648464e-03 1.639712214248565579e+04
6.188468238624382327e-03 1.663125522704940158e+04
6.332908400455114321e-03 1.686531381483035511e+04
6.480719826311970473e-03 1.709913791255560500e+04
6.631981202212674890e-03 1.733255633015115382e+04
6.786773050723294773e-03 1.756539208838492050e+04
6.945177773823696388e-03 1.779746328191300563e+04
7.107279696773418677e-03 1.802858318858399070e+04
7.273165113001454386e-03 1.825856039316012902e+04
7.442922330043758201e-03 1.848719892577736027e+04
7.616641716552892058e-03 1.871429841543490693e+04
7.794415750404951569e-03 1.893965420556372919e+04
7.976339067929280949e-03 1.916305107173917349e+04
8.162508514287227998e-03 1.938425683284964543e+04
8.353023195026778799e-03 1.960303331411660110e+04
8.547984528840405286e-03 1.981913802853463494e+04
8.747496301554415557e-03 2.003232445878571161e+04
8.951664721378300646e-03 2.024234236035443973e+04
9.160598475443709407e-03 2.044893808590211120e+04
9.374408787662999801e-03 2.065185493088578733e+04
9.593209477938241178e-03 2.085083336483316816e+04
9.817117022752192695e-03 2.104559803432128319e+04
1.004625061717340749e-02 2.123584621697394687e+04
1.028073223830865135e-02 2.142126969553174058e+04
1.052068671023622878e-02 2.160155790429999979e+04
1.076624177045493180e-02 2.177639850899878729e+04
1.101752813788386791e-02 2.194547801673780123e+04
1.127467958244946812e-02 2.210848241536739442e+04
1.153783299629660905e-02 2.226509784128460524e+04
1.180712846666189669e-02 2.241501097032844336e+04
1.208270935044776506e-02 2.255788490401643503e+04
1.236472235053714952e-02 2.269334074785399207e+04
1.265331759388942968e-02 2.282099681478671846e+04
1.294864871145904282e-02 2.294047393813716189e+04
1.325087291997953040e-02 2.305139656740455030e+04
1.356015110565633210e-02 2.315339390231469588e+04
1.387664790981308488e-02 2.324610106198189169e+04
1.420053181653682488e-02 2.332916028568488764e+04
1.453197524236896077e-02 2.340222166348625979e+04
1.487115462808953799e-02 2.346491035518465287e+04
1.521825053264386392e-02 2.351680563522511147e+04
1.557344772926134470e-02 2.355749318954778209e+04
1.593693530381774456e-02 2.358657204355420618e+04
1.630890675549332564e-02 2.360365636184329924e+04
1.668956009978023874e-02 2.360837727019869271e+04
1.707909797389427567e-02 2.360038469086717305e+04
1.747772774464680795e-02 2.357934918155414562e+04
1.788566161883461611e-02 2.354496360149487737e+04
1.830311675620611978e-02 2.349693529074299295e+04
1.873031538506437360e-02 2.343498270344069897e+04
1.916748492056814801e-02 2.335885119239005871e+04
1.961485808579430459e-02 2.326831615908853564e+04
2.007267303562569258e-02 2.316318485091931507e+04
2.054117348353064199e-02 2.304329808443998991e+04
2.102060883130158278e-02 2.290853188083353234e+04
2.151123430182165855e-02 2.275879899949364335e+04
2.201331107493031264e-02 2.259405250748043909e+04
2.252710642645980657e-02 2.241439348020593388e+04
2.305289387051708688e-02 2.222011641726458765e+04
2.359095330508634986e-02 2.201155915484406069e+04
2.414157116103018974e-02 2.178908924388702508e+04
2.470504055456825346e-02 2.155310286862003341e+04
2.528166144331499277e-02 2.130402366022774368e+04
2.587174078595922549e-02 2.104230141060366441e+04
2.647559270567066345e-02 2.076841069164453438e+04
2.709353865732051433e-02 2.048285536748257073e+04
2.772590759860482645e-02 2.018642188191816604e+04
2.837303616516212781e-02 1.988025414257673401e+04
2.903526884977813624e-02 1.956549981611774274e+04
2.971295818577333880e-02 1.924327909503054252e+04
3.040646493467067182e-02 1.891468079773183854e+04
3.111615827824361705e-02 1.858075895181904343e+04
3.184241601504653185e-02 1.824252985104867184e+04
3.258562476153224752e-02 1.790096957280383867e+04
3.334618015786364187e-02 1.755701747537981646e+04
3.412448707852889368e-02 1.721177966011119861e+04
3.492095984787271790e-02 1.686656845172127942e+04
3.573602246065785831e-02 1.652262857583305595e+04
3.657010880777491341e-02 1.618111822151596061e+04
3.742366290721980959e-02 1.584311001033155844e+04
3.829713914046280893e-02 1.550959271429628097e+04
3.919100249433404154e-02 1.518147363094709181e+04
4.010572880855495931e-02 1.485958152705571229e+04
4.104180502904709177e-02 1.454466835835698294e+04
4.199972946715303801e-02 1.423735745105392743e+04
4.298001206490795895e-02 1.393814085643072394e+04
4.398317466650223523e-02 1.364745417515672671e+04
4.500975129608046632e-02 1.336568484208549307e+04
4.606028844202401246e-02 1.309317597420440688e+04
4.713534534786909674e-02 1.283023027079822350e+04
4.823549431001467047e-02 1.257711393922609568e+04
4.936132098237916432e-02 1.233406062431226746e+04
5.051342468816763520e-02 1.210126548092215671e+04
5.169241873891598782e-02 1.187860402583683026e+04
5.289893076098151070e-02 1.166561507850073394e+04
5.413360302965378179e-02 1.146180086239828961e+04
5.539709281106403038e-02 1.126661477813392048e+04
5.669007271207433807e-02 1.107940749383223010e+04
5.801323103833377903e-02 1.089921395195807600e+04
5.936727216069122987e-02 1.072498415364358334e+04
6.075291689016074775e-02 1.055536101266711921e+04
6.217090286163827473e-02 1.038891300432624848e+04
6.362198492657489268e-02 1.022391656779502773e+04
6.510693555481457395e-02 1.005856085662173609e+04
6.662654524581149151e-02 9.890865542929352159e+03
6.818162294944479784e-02 9.718781196636740788e+03
6.977299649665534564e-02 9.540276377043182947e+03
7.140151304013399314e-02 9.353351587769169782e+03
7.306803950529498770e-02 9.156230260348576849e+03
7.477346305177587360e-02 8.947398231269706230e+03
7.651869154570821452e-02 8.725723879497985763e+03
7.830465404301187315e-02 8.490675410671099598e+03
8.013230128396886531e-02 8.242179414750784417e+03
8.200260619934129913e-02 7.981086362512426604e+03
8.391656442830157381e-02 7.708703809095590259e+03
8.587519484845169970e-02 7.427381649365780504e+03
8.787954011821319522e-02 7.139877435866086671e+03
8.993066723187619071e-02 6.849756765658330551e+03
9.202966808760415507e-02 6.560900632736445004e+03
9.417766006869518480e-02 6.277429206418141803e+03
9.637578663841088467e-02 6.003588181752601486e+03
9.862521794868778224e-02 5.743203786465983285e+03
1.009271514630570715e-01 5.499823350624454179e+03
1.032828125941028519e-01 5.276190047417653659e+03
1.056934553557988266e-01 5.074097195625196946e+03
1.081603630310709330e-01 4.894580542109134512e+03
1.106848488549411896e-01 4.737043454116671455e+03
1.132682567136153728e-01 4.600322291807187867e+03
1.159119618598885709e-01 4.481468171470821289e+03
1.186173716452477989e-01 4.376949549831351760e+03
1.213859262690627772e-01 4.282103025393401367e+03
1.242190995452617519e-01 4.191685071553727539e+03
1.271183996869028887e-01 4.100462388183530493e+03
1.300853701090570469e-01 4.003253596481258683e+03
1.331215902504307436e-01 3.895931841137703941e+03
1.362286764141646678e-01 3.775768687527016482e+03
1.394082826282577181e-01 3.641553226203792747e+03
1.426621015260736702e-01 3.494685791576913743e+03
1.459918652473978506e-01 3.337719154304757467e+03
1.493993463605257643e-01 3.175721600388749266e+03
1.528863588058729517e-01 3.013982011568648886e+03
1.564547588616095886e-01 2.858480226741527531e+03
1.601064461318317811e-01 2.714588230341788403e+03
1.638433645577984654e-01 2.585962204047663363e+03
1.676675034527699004e-01 2.475034719596107152e+03
1.715808985610004778e-01 2.381619844952645508e+03
1.755856331414468730e-01 2.303496263403256307e+03
1.796838390767719340e-01 2.237042125033604862e+03
1.838776980082326984e-01 2.176623435694759792e+03
1.881694424970555557e-01 2.116909246955967319e+03
1.925613572129198647e-01 2.052889892229821271e+03
1.970557801501798267e-01 1.980862001192261687e+03
2.016551038724746503e-01 1.900372450163121130e+03
2.063617767863858699e-01 1.812400786923396709e+03
2.111783044448244107e-01 1.721118644808812405e+03
2.161072508808376258e-01 1.631306507151277856e+03
2.211512399725488742e-01 1.547467755505328341e+03
2.263129568399529501e-01 1.473438971905446124e+03
2.315951492743152096e-01 1.410198780596529559e+03
2.370006292009327886e-01 1.356602152741107830e+03
2.425322741760353173e-01 1.310002519626226785e+03
2.481930289186255467e-01 1.265843826707733569e+03
2.539859068780723761e-01 1.220431764324033111e+03
2.599139918382932790e-01 1.171569281282246266e+03
2.659804395593758364e-01 1.118466752150530283e+03
2.721884794575179511e-01 1.063611430380698494e+03
2.785414163241766161e-01 1.009867504873294706e+03
2.850426320853434170e-01 9.600125759727714012e+02
2.916955876018795801e-01 9.161982837993781459e+02
2.985038245118729061e-01 8.778362876250806721e+02
3.054709671159968054e-01 8.430718384465615145e+02
3.126007243068703589e-01 8.097544118215126900e+02
3.198968915434537430e-01 7.756013138924272425e+02
3.273633528715244045e-01 7.400171855547174573e+02
3.350040829913132900e-01 7.043080324227183837e+02
3.428231493733970292e-01 6.698406642340127064e+02
3.508247144239792226e-01 6.380237175820949460e+02
3.590130377007068607e-01 6.095209768730593396e+02
3.673924781802074269e-01 5.831539450898887935e+02
3.759674965785467782e-01 5.576526554836810874e+02
3.847426577258502012e-01 5.324121005278821031e+02
3.937226329963479099e-01 5.071836226272919816e+02
4.029122027951347884e-01 4.826282150611721136e+02
4.123162591029752577e-01 4.597065266821311411e+02
4.219398080805023543e-01 4.384830928467504805e+02
4.317879727332021300e-01 4.184036119507688340e+02
4.418659956385941334e-01 3.990648747844441573e+02
4.521792417370701922e-01 3.802363535736889162e+02
4.627332011878688700e-01 3.619259753686626482e+02
4.735334922917115996e-01 3.445185500653051349e+02
4.845858644816495864e-01 3.282252226941840263e+02
4.958962013837212024e-01 3.127531678871852705e+02
5.074705239490465702e-01 2.978167096651590668e+02
5.193149936590212290e-01 2.834487274901633782e+02
5.314359158053241217e-01 2.697518204477175345e+02
5.438397428464795125e-01 2.567257576286324934e+02
5.565330778427646230e-01 2.443239782470184593e+02
5.695226779712824206e-01 2.324937202646253240e+02
5.828154581230845510e-01 2.211808775464470500e+02
5.964184945842458951e-01 2.103658368733777877e+02
6.103390288028620603e-01 2.000636112106672329e+02
6.245844712439617696e-01 1.902655670663009744e+02
6.391624053343998302e-01 1.809239035306755738e+02
6.540805914998252257e-01 1.720015768375459118e+02
6.693469712958660667e-01 1.634935910607510152e+02
6.849696716357446258e-01 1.553953505893680074e+02
7.009570091165617800e-01 1.476850175640119573e+02
7.173174944465613434e-01 1.403380332542580504e+02
7.340598369757211916e-01 1.333369484151070594e+02
7.511929493320969042e-01 1.266677548711741679e+02
7.687259521663728501e-01 1.203177000813719673e+02
7.866681790071581304e-01 1.142748168126973951e+02
8.050291812295979899e-01 1.085248313267578055e+02
8.238187331399601243e-01 1.030512711236858081e+02
8.430468371788966131e-01 9.784015715299354099e+01
8.627237292461450435e-01 9.288101220216567810e+01
8.828598841495149951e-01 8.816356990170829988e+01
9.034660211810524588e-01 8.367695064291250162e+01
9.245531098233570333e-01 7.941044640550670408e+01
9.461323755890769238e-01 7.535335701981202305e+01
9.682153059967086861e-01 7.149543659707408949e+01
9.908136566858666283e-01 6.782737625938779047e+01
1.013939457675291811e+00 6.434046411713347879e+01
1.037605019766911774e+00 6.102625169129297689e+01
1.061822941099383355e+00 5.787658472124447684e+01
1.086606113854596822e+00 5.488366869636166712e+01
1.111967731120699021e+00 5.204005616745779150e+01
1.137921293915315157e+00 4.933863257022389348e+01
1.164480618372685461e+00 4.677260255579597015e+01
1.191659843098558769e+00 4.433547681431524268e+01
1.219473436696738133e+00 4.202105937752359210e+01
1.247936205471311455e+00 3.982343538660200721e+01
1.277063301308643428e+00 3.773695931165853068e+01
1.306870229743346323e+00 3.575624360946572011e+01
1.337372858212496407e+00 3.387614780626373090e+01
1.368587424502517580e+00 3.209176799265782165e+01
1.400530545393219528e+00 3.039842671787037887e+01
1.433219225503574057e+00 2.879166327084023536e+01
1.466670866343968704e+00 2.726722433589714356e+01
1.500903275579735130e+00 2.582105501098947542e+01
1.535934676510896990e+00 2.444929017668600579e+01
1.571783717773162614e+00 2.314824620442776748e+01
1.608469483265354993e+00 2.191441299275908605e+01
1.646011502308549757e+00 2.074444632052201598e+01
1.684429760042315039e+00 1.963516050625926113e+01
1.723744708063619901e+00 1.858352136332571547e+01
1.763977275314043469e+00 1.758663944046962868e+01
1.805148879221108116e+00 1.664176353790267626e+01
1.847281437099633994e+00 1.574627448913557259e+01
1.890397377819221347e+00 1.489767919911248484e+01
1.934519653744044332e+00 1.409360492943289067e+01
1.979671752951332575e+00 1.333179382170245653e+01
2.025877711735017073e+00 1.261009754535013450e+01
2.073162127401229071e+00 1.192647121674387201e+01
2.121550171362450055e+00 1.127896928742871374e+01
2.171067602537264829e+00 1.066574178060082190e+01
2.221740781062884640e+00 1.008502984010562997e+01
2.273596682327715168e+00 9.535161459470621992e+00
2.326662911331457639e+00 9.014547398382765309e+00
2.380967717380358284e+00 8.521677279116991244e+00
2.436540009125466089e+00 8.055115855678868897e+00
2.493409369951877785e+00 7.613499448677428560e+00
2.551606073727183510e+00 7.195532539188401522e+00
2.611161100917459343e+00 6.799984515107372118e+00
2.672106155079432277e+00 6.425686563723917999e+00
2.734473679737579932e+00 6.071528704474045135e+00
2.798296875655115645e+00 5.736456956047812916e+00
2.863609718508115964e+00 5.419470632241765173e+00
2.930446976972141293e+00 5.119619761153470172e+00
2.998844231231027724e+00 4.836002622515974458e+00
3.068837891917642224e+00 4.567763398165402222e+00
3.140465219496752169e+00 4.314089930823500119e+00
3.213764344100275228e+00 4.074211586560671172e+00
3.288774285825510013e+00 3.847397216482201454e+00
3.365534975507094018e+00 3.632953213352720478e+00
3.444087275973819917e+00 3.430221659039883519e+00
3.524473003801583904e+00 3.238578558819732223e+00
3.606734951574027903e+00 3.057432158741830719e+00
3.690916910662778161e+00 2.886221342402709666e+00
3.777063694539364302e+00 2.724414103621944250e+00
3.865221162631261809e+00 2.571506091655634041e+00
3.955436244734701567e+00 2.427019225717982565e+00
4.047756965997321821e+00 2.290500358010433057e+00
4.142232472483893702e+00 2.161519878459810418e+00
4.238913057338778323e+00 2.039670630869042434e+00
4.337850187558988324e+00 1.924566872560316222e+00
4.439096531392166867e+00 1.815843184928850329e+00
4.542705986374042659e+00 1.713153436256053652e+00
4.648733708020256650e+00 1.616169795403660014e+00
4.757236139187889457e+00 1.524581794015069436e+00
4.868271040122278848e+00 1.438095434953774898e+00
4.981897519205159774e+00 1.356432344808134571e+00
5.098176064420424147e+00 1.279328968387388077e+00
5.217168575554349097e+00 1.206535803225301073e+00
5.338938397147350301e+00 1.137816672195983925e+00
5.463550352214875616e+00 1.072948032430696363e+00
5.591070776755292293e+00 1.011718318805512551e+00
5.721567555063246324e+00 9.539273203472492524e-01
5.855110155867238042e+00 8.993855879795873420e-01
5.991769669310619051e+00 8.479138721026411307e-01
6.131618844795775125e+00 7.993425885675514708e-01
6.274732129711574125e+00 7.535113116732630179e-01
6.421185709064757496e+00 7.102682928753396574e-01
6.571057546036270125e+00 6.694700039568166616e-01
6.724427423484248934e+00 6.309807034685654958e-01
6.881376986415662422e+00 5.946720253017959701e-01
7.041989785449288775e+00 5.604225883079819726e-01
7.206351321293052337e+00 5.281176259319982913e-01
7.374549090259546524e+00 4.976486348724464270e-01
7.546672630843886509e+00 4.689130418293621649e-01
7.722813571388642551e+00 4.418138874436307040e-01
7.903065678861348253e+00 4.162595265746016904e-01
8.087524908770449272e+00 3.921633402235663590e-01
8.276289456246344045e+00 3.694434420518546980e-01
8.469459808314583782e+00 3.480224454502553466e-01
8.667138797389233318e+00 3.278272361221304387e-01
8.869431656014704402e+00 3.087887413137059278e-01
9.076446072885357097e+00 2.908417111140847444e-01
9.288292250172498044e+00 2.739245112958422768e-01
9.505082962189501217e+00 2.579789271052528865e-01
9.726933615426167634e+00 2.429499774403917345e-01
9.953962309984232704e+00 2.287857388831466832e-01
1.018628990244686428e+01 2.154371790776352935e-01
1.042404007021555756e+01 2.028579989727712085e-01
1.066733937734857030e+01 1.910044834707393113e-01
1.091631734193614633e+01 1.798353600460103618e-01
1.117110650504824143e+01 1.693116649213271818e-01
1.143184250129150392e+01 1.593966164078219616e-01
1.169866413101305724e+01 1.500554950361774886e-01
1.197171343418965606e+01 1.412555301245265460e-01
1.225113576604117682e+01 1.329657924466874086e-01
1.253707987440919602e+01 1.251570926813208307e-01
1.282969797894147490e+01 1.178018853388131948e-01
1.312914585212465290e+01 1.108741778780774484e-01
1.343558290220826201e+01 1.043494447401137337e-01
1.374917225806420440e+01 9.820454603911056568e-02
1.407008085602683600e+01 9.241765066511091475e-02
1.439847952876006509e+01 8.696816356486358757e-02
1.473454309619834213e+01 8.183665697946831963e-02
1.507845045861050970e+01 7.700480542878480883e-02
1.543038469183564665e+01 7.245532424341859234e-02
1.579053314474175984e+01 6.817191145536379004e-02
1.615908753895919148e+01 6.413919225024457271e-02
1.653624407094178750e+01 6.034266402663966689e-02
1.692220351641035236e+01 5.676865055923721592e-02
1.731717133723352831e+01 5.340425723222878146e-02
1.772135779080358375e+01 5.023732703677066813e-02
1.813497804196495267e+01 4.725639899948139849e-02
1.855825227755518725e+01 4.445066891435607570e-02
1.899140582361935259e+01 4.180995225294865253e-02
1.943466926536018136e+01 3.932464913432020398e-02
1.988827856988807596e+01 3.698571124255258663e-02
2.035247521183575614e+01 3.478461058560677194e-02
2.082750630190514229e+01 3.271330999496405156e-02
2.131362471841437412e+01 3.076423527086824192e-02
2.181108924191519804e+01 2.893024888307364761e-02
2.232016469295234629e+01 2.720462514183182023e-02
2.284112207303825670e+01 2.558102675842514190e-02
2.337423870891812783e+01 2.405348271888917144e-02
2.391979840020237447e+01 2.261636739867472004e-02
2.447809157044440198e+01 2.126438084989352648e-02
2.504941542174502445e+01 1.999253019647696805e-02
2.563407409296514672e+01 1.879611207607308904e-02
2.623237882163123658e+01 1.767069607081638016e-02
2.684464810961965142e+01 1.661210907223787184e-02
2.747120789270808672e+01 1.561642052855372054e-02
2.811239171408461246e+01 1.467992852537993408e-02
2.876854090190591151e+01 1.379914665358651649e-02
2.944000475100033754e+01 1.297079162052033711e-02
3.012714070881164119e+01 1.219177156321726158e-02
3.083031456568277306e+01 1.145917502448107195e-02
3.154990064958088780e+01 1.077026055484573558e-02
3.228628202536727088e+01 1.012244681641018447e-02
3.303985069871854563e+01 9.513302991415664364e-03
3.381100782480681488e+01 8.940540474990866376e-03
3.460016392185108458e+01 8.402004808177139170e-03
3.540773908965270067e+01 7.895667899873190163e-03
3.623416323323149868e+01 7.419620694195471107e-03
3.707987629168172106e+01 6.972066258210085979e-03
3.794532847236941819e+01 6.551313266262299984e-03
3.883098049059601209e+01 6.155769858453875865e-03
3.973730381485604113e+01 5.783937852069771790e-03
4.066478091781853976e+01 5.434407285939550289e-03
4.161390553316707042e+01 5.105851278835734676e-03
4.258518291843414261e+01 4.797021184068849843e-03
4.357913012397029462e+01 4.506742023437607970e-03
4.459627626819095525e+01 4.233908184635501101e-03
4.563716281924754270e+01 3.977479367107651480e-03
4.670234388327330777e+01 3.736476762193407641e-03
4.779238649935594907e+01 3.509979454186867680e-03
4.890787094139589897e+01 3.297121029698667216e-03
5.004939102700953413e+01 3.097086383413238421e-03
5.121755443364241245e+01 2.909108709006606123e-03
5.241298302206061521e+01 2.732466664623269849e-03
5.363631316739234478e+01 2.566481702909642615e-03
5.488819609789665321e+01 2.410515556166501969e-03
5.616929824163803886e+01 2.263967867717111247e-03
5.748030158125350653e+01 2.126273961091307806e-03
5.882190401699955373e+01 1.996902739102332774e-03
6.019481973827274146e+01 1.875354705342341909e-03
6.159977960380168582e+01 1.761160101046980358e-03
6.303753153071281901e+01 1.653877150679917323e-03
6.450884089267685795e+01 1.553090398185645290e-03
6.601449092734883095e+01 1.458409116313866879e-03
6.755528315331639533e+01 1.369465890577879286e-03
6.913203779678127603e+01 1.285915254679612357e-03
7.074559422819878307e+01 1.207432390030784182e-03
7.239681140910876422e+01 1.133711901638384751e-03
7.408656834939566238e+01 1.064466665915647300e-03
7.581576457522102430e+01 9.994267462340544576e-04
7.758532060787827334e+01 9.383383722725855206e-04
7.939617845382275618e+01 8.809629794477719100e-04
8.124930210614047610e+01 8.270763049219967715e-04
8.314567805772064446e+01 7.764675368896937048e-04
8.508631582640580859e+01 7.289385140314888619e-04
8.707224849239921127e+01 6.843029722059396905e-04
8.910453324821503429e+01 6.423858356178824888e-04
9.118425196146563394e+01 6.030225498621158420e-04
9.331251175078240578e+01 5.660584543917076715e-04
9.549044557518078591e+01 5.313481921020754128e-04
9.771921283717996687e+01 4.987551538559504725e-04
1.000000000000000000e+02 4.681509559003240329e-04
